0.15689
0.18475
0.27225
0.32728
0.45852
0.64633
0.71957
0.74404
0.77738
0.86193
0.95780
1.09784
1.04519
1.16333
1.29194
1.37005
1.40398
1.38748
1.43367
1.37307
1.42825
1.50302
1.55344
1.60975
1.64242
1.72060
1.66113
1.67977
1.69346
1.71285
1.75711
1.83710
1.91311
1.96646
2.03778
2.00600
1.98000
1.95596
1.89260
1.94799
1.96297
1.95921
1.95563
1.95255
1.95111
1.95406
1.95284
1.95281
1.95228
1.94924
1.95664
1.96146
1.95850
1.95027
1.93255
1.93225
1.93157
1.94023
1.95643
1.95172
1.97493
1.96889
1.95895
1.95736
1.95306
1.94309
1.92713
1.91853
1.92047
1.94863
1.93199
1.93306
1.92396
1.92349
1.92662
1.93316
1.93323
1.94225
1.93489
1.96828
1.96858
1.97687
1.97987
1.98650
1.99341
2.00213
2.00114
1.98163
1.98083
1.99856
1.97652
1.96150
1.96346
1.95620
1.94194
1.94591
1.96098
1.93555
1.92019
1.92670
1.94309
1.94662
1.93301
1.92543
1.92382
1.92769
1.92026
1.90387
1.90227
1.83152
1.84577
1.85351
1.85873
1.84372
1.84872
1.84980
1.84851
1.84041
1.82984
1.83119
1.82985
1.85094
1.87679
1.86550
1.86777
1.85461
1.87117
1.86889
1.84620
1.85250
1.86021
1.85658
1.87005
1.88414
1.87427
1.87879
1.88108
1.88214
1.88536
1.89362
1.89523
1.87986
1.87328
1.87745
1.88206
1.87060
1.87076
1.86813
1.87238
1.87606
1.89615
1.88638
1.87784
1.88953
1.88390
1.90100
1.90418
1.90564
1.91366
1.90893
1.92639
1.93535
1.94838
1.95558
1.96543
1.98575
1.99329
1.98682
2.00248
2.00176
1.99049
1.97040
1.95781
1.94196
1.95814
1.95935
1.95876
1.95077
1.94195
1.95763
1.97479
1.97089
1.98625
1.96245
1.95748
1.94928
1.95193
1.96225
1.96848
1.96272
1.95990
1.96103
1.97531
1.96377
1.94646
1.94446
1.96384
1.94914
1.94212
1.94806
1.94874
1.93301
1.92795
1.94798
1.95097
1.94498
1.92724
1.93178
1.94637
1.95392
1.95220
1.95418
1.95055
1.95294
1.92910
1.91375
1.90287
1.90736
1.91975
1.93918
1.91973
1.90375
1.90187
1.90767
1.90824
1.90729
1.90716
1.94247
1.94471
1.94930
1.94903
1.94672
1.96077
1.94885
1.95998
1.97137
1.98506
1.99072
2.00277
1.99334
1.98614
1.97851
1.96280
1.95818
1.96408
1.96205
1.95437
1.96062
1.96936
1.98123
1.97754
1.97120
1.95722
1.95743
1.98430
1.99215
2.01674
2.02417
2.01139
2.00200
2.01555
2.00705
2.03294
2.02801
2.02128
2.00650
2.00005
2.00762
2.00831
2.01330
2.00430
2.00484
2.00175
1.99715
1.99110
2.00350
2.00333
1.98774
1.99145
2.01386
1.99991
2.01060
2.01493
2.00443
1.99134
1.98236
1.99003
2.00068
1.99211
1.97885
1.91837
1.94275
1.95120
1.95333
1.95508
1.92628
1.92829
1.92731
1.95811
1.96816
1.97245
1.97830
1.96312
1.97906
1.97529
1.98967
1.99019
2.01807
2.00224
1.98622
1.98959
1.98282
1.96949
1.98012
1.97553
1.97214
2.00000
1.99574
1.98146
1.97766
1.97528
1.98668
1.97757
1.98959
1.99073
1.99549
2.00857
2.00069
1.99598
1.99522
1.99999
